100
72 84497 33768
57 57473 34103
61 67956 81729
49 13958 97296
4 6242 14606
60 80478 812
89 71762 21885
35 20082 11697
38 3635 95333
30 89495 4036
47 89937 9732
83 59099 60587
9 193 77229
39 98068 10393
59 1119 12185
32 27242 63738
99 80887 60468
30 61887 28449
9 20066 62378
100 19316 35872
95140 3 99634
93773 3 99839
97889 1 99864
97477 4 99074
94433 3 99654
96041 1 99326
99991 1 99184
98026 1 99922
92820 1 99302
95092 2 99286
90090 2 99475
94071 1 99085
99606 3 99404
91762 2 99090
92635 4 99841
92325 99457 1
95220 99598 4
97915 99052 4
96030 99667 3
95712 99316 2
90792 99070 2
96433 99192 4
93381 99607 2
94916 99729 1
97611 99642 2
97221 99872 3
96434 99216 3
98747 99871 4
92321 99525 3
95623 99734 3
94239 31707 92038
98386 34767 31112
90813 32332 95550
96167 33944 69340
91308 52508 88309
92871 55154 56477
91031 50960 27111
95940 94097 64380
99751 69422 47223
93977 15424 85244
98221 36860 26967
93270 97617 31596
90561 75267 42922
97658 57228 50432
97740 2996 12129
98045 38141 71224
96559 53154 89643
99714 43760 86125
95851 44201 78857
92397 39199 90072
94827 96823 94426
92798 52991 26300
98786 41353 97708
94126 35839 2501
90312 89064 56323
92007 2162 29202
94038 57508 54814
91210 39206 12520
93988 22321 32231
92646 48213 59128
96101 95968 16498
96100 24826 34868
94903 29001 79432
99290 58535 14532
90000 87374 98213
99735 43917 45831
92386 55338 30553
96684 28221 95159
96590 45196 42971
99154 36326 95308
90201 91829 32219
93495 67007 62645
92131 36089 19849
98336 12870 42500
95961 96284 24049
96166 24089 18385
96885 64203 32609
96101 7324 92856
98903 95526 81733
90865 30651 62174
