10
5 2
1 2 3 4
5 3
1 2 2 3 4 5
7 4
2 3 4 5 4 6 7 4
15 9
1 4 2 5 6 2 7 3 8 9 11 3 12 14 14 9 15 1
26 15
1 22 9 6 10 18 11 20 12 1 13 19 14 12 15 4 16 12 17 15 18 4 20 5 22 13 23 13 26 15
40 36
1 34 2 15 5 14 6 16 7 9 8 30 9 26 10 35 11 1 13 19 14 33 15 2 16 39 17 13 18 2 19 27 20 28 21 16 22 20 23 22 24 9 25 23 26 33 27 40 28 36 30 2 31 17 32 21 33 32 34 25 35 31 36 38 37 21 38 21 39 32 40 32
60 45
1 50 8 24 9 54 10 12 11 2 12 6 13 20 21 51 22 24 23 35 24 44 25 24 26 9 27 35 28 1 29 28 30 15 31 11 32 28 33 22 35 39 36 13 37 49 38 10 39 25 40 18 41 33 42 1 43 44 44 36 45 48 46 6 47 39 48 39 49 19 51 54 52 48 53 25 54 28 55 33 56 39 57 52 58 32 59 42 60 17
80 70
1 71 12 8 13 23 14 36 15 78 16 77 17 12 18 16 19 45 20 9 21 12 22 26 23 64 24 2 25 77 26 2 27 52 28 78 29 27 30 38 31 49 32 59 33 74 34 22 35 56 36 66 37 31 38 70 39 76 40 13 41 48 42 36 43 51 44 22 45 25 46 26 47 28 48 18 49 64 50 70 51 3 52 14 53 59 54 73 55 50 56 8 57 64 58 45 59 27 60 50 61 77 62 75 63 52 64 18 65 73 66 43 67 17 68 13 69 43 70 76 71 40 72 22 73 42 74 7 75 17 76 65 77 69 78 79 79 45 80 61
90 84
1 64 2 24 3 71 4 53 5 84 6 9 7 45 8 72 9 62 10 30 11 68 12 40 13 24 14 88 15 70 16 3 17 33 18 44 19 71 20 28 21 36 22 48 23 41 24 30 25 57 26 24 27 64 28 12 29 89 30 37 31 58 32 67 33 46 34 70 35 68 38 32 39 25 40 30 41 65 42 27 43 73 44 22 45 10 46 64 47 79 48 58 49 66 50 82 51 75 52 56 53 2 54 50 56 13 57 71 59 44 60 29 61 63 63 68 64 88 65 9 66 44 67 48 68 4 69 20 70 28 71 58 72 84 73 87 74 12 75 35 76 30 77 1 78 60 79 60 80 17 81 59 83 54 84 52 85 27 86 33 87 10 88 84 89 4 90 2
100 89
1 53 12 2 13 21 14 6 15 66 16 17 17 50 18 31 19 91 20 61 21 9 22 92 23 95 24 9 25 32 26 56 27 14 28 95 29 6 31 88 32 50 33 29 34 31 35 22 36 68 37 10 38 21 39 65 40 14 41 97 42 52 43 95 44 93 45 88 46 12 47 63 48 85 49 17 50 56 51 29 52 56 53 29 54 94 55 90 56 18 57 92 58 18 59 51 60 98 61 43 62 51 63 13 64 27 65 29 66 55 67 49 68 99 69 25 70 62 71 38 72 80 73 62 74 79 75 67 76 49 77 64 78 42 79 13 80 67 81 90 82 25 83 53 84 26 85 25 86 89 87 6 88 61 89 88 90 35 91 93 92 21 93 81 94 23 95 64 96 13 97 11 98 72 99 12 100 13